# Resid  CA_RMSD(Å)
  248   39.730
  249   37.013
  250   35.479
  251   33.300
  252   29.916
  253   28.646
  254   28.725
  255   32.873
  256   33.450
  257   38.470
  258   37.514
  259   43.126
  260   43.907
  261   41.863
  262   47.167
  263   45.442
  264   44.734
  265   42.734
  266   35.418
  267   30.643
  268   26.593
  269   21.073
  270   23.824
  271   21.058
  272   22.596
  273   27.450
  274   32.049
  275   33.341
  276   35.326
  277   31.227
  278   31.305
  279   33.025
  280   33.296
  281   34.218
  282   30.127
  283   29.235
  284   31.937
  285   25.354
  286   24.161
  287   24.249
  288   23.806
  289   20.514
  290   19.196
  291   23.699
  292   23.162
  293   23.009
  294   22.692
  295   19.713
  296   12.855
  297   11.646
  298   12.312
  299   13.923
  300   12.693
  301   13.888
  302   17.724
  303   21.499
  304   20.364
  305   22.762
  306   26.402
  307   28.083
  308   26.364
  309   25.931
  310   27.032
  311   20.948
  312   16.277
  313   14.271
  314   15.855
  315   18.509
  316   18.659
  317   17.448
  318   17.220
  319   23.540
  320   23.001
  321   23.250
  322   20.737
  323   18.483
  324   21.617
  325   25.995
  326   28.284
  327   25.525
  328   26.828
  329   25.673
  330   22.983
  331   23.690
  332   22.901
  333   26.859
  334   27.158
  335   25.600
  336   25.171
  337   24.438
  338   28.291
  339   25.703
  340   18.859
  341   20.073
  342   23.462
  343   19.447
  344   19.907
  345   25.661
  346   27.068
  347   25.097
  348   28.119
  349   32.406
  350   33.937
  351   34.667
  352   40.972
  353   38.832
  354   33.744
  355   38.261
  356   41.077
  357   37.586
  358   33.551
  359   29.433
  360   27.508
  361   21.950
  362   17.860
  363   16.761
  364   19.725
  365   16.575
  366   15.922
  367   16.185
  368   14.964
  369   14.402
  370   14.252
  371   21.123
  372   22.051
  373   21.959
  374   26.093
  375   28.151
  376   22.446
  377   20.105
  378   12.940
  379   11.670
  380    6.694
  381   11.610
  382   13.253
  383   12.999
  384   17.182
  385   18.889
  386   22.809
  387   21.842
  388   23.204
  389   25.369
  390   27.570
  391   24.280
  392   22.195
  393   21.645
  394   21.219
  395   14.867
  396   17.212
  397   18.085
  398   19.754
  399   17.859
  400   19.604
  401   18.993
  402   21.081
  403   26.557
  404   25.467
  405   25.542
  406   27.740
  407   32.902
  408   38.199
  409   40.005
  410   38.294
  411   41.812
  412   44.987
  413   40.614
  414   38.851
  415   38.818
  416   38.457
  417   35.580
  418   32.209
  419   31.344
  420   30.663
  421   27.515
  422   32.575
  423   33.501
  424   27.322
  425   28.365
  426   34.222
  427   36.524
  428   34.003
  429   32.091
  430   34.573
  431   35.190
  432   34.059
  433   33.590
  434   35.868
  435   30.656
  436   30.716
  437   32.527
  438   32.872
  439   32.922
  440   33.064
  441   34.985
  442   37.107
  443   33.938
  444   31.511
  445   31.214
  446   33.464
  447   31.941
  448   30.895
  449   34.671
  450   34.975
  451   32.058
  452   34.715
  453   38.373
  454   35.979
  455   35.020
  456   35.040
  457   33.773
  458   33.718
  459   38.049
  460   36.258
  461   34.415
  462   35.963
  463   34.453
  464   33.738
  465   38.832
  466   44.802
  467   42.714
  468   40.776
  469   46.095
  470   49.255
  471   44.906
  472   46.159
  473   52.249
  474   51.595
  475   46.986
  476   44.833
  477   46.734
  478   48.792
  479   48.913
  480   44.735
  481   49.665
  482   48.897
  483   44.599
  484   47.579
  485   48.636
  486   44.286
  487   43.711
  488   47.241
  489   46.026
  490   41.306
  491   43.299
  492   46.566
  493   42.859
  494   39.540
  495   43.826
  496   45.301
  497   42.296
  498   45.257
  499   45.906
  500   47.774
  501   48.056
  502   48.287
  503   50.238
  504   47.216
  505   46.902
  506   53.166
  507   55.229
  508   52.215
  509   55.480
  510   61.448
  511   60.391
  512   60.441
  513   66.366
  514   69.287
  515   69.676
